{
   "width":1920,
   "height":240,
   "top":8,
   "left":250,
   "bottom":8,
   "right":265,
   "opacity":1.0000000,
   "messagex":0.220000,
   "messagey":0.120000
}
